07036603645
08092192129
08022515386
08026861818
08028348971
08023673017
08035383252
08170367709
08090563702
08024707778
08062716913
08029693516
08056146997
08171913419
08024025730
08035636139
08189044625
08028104141
08028794696
08028363717
08058596747
08026615528
08035388224
07035121067
08030454208
07031004227
08033989109
08182532820
08032344126
08029737187
08058584605
08090914097
08066350498
08064446033
08064025699
08033873572
08053538543
08039418912
08067296426
08060408329
08033324745
08029737397
08022397020
08034339654
08038555441
08026820058
08037643248
08053538543
08037134258
08027592450
08023946703
07089121872
08034125298
09026690318
08064591690
08034878889
08185066356
08062098425
07087801499
08153710253
08180105000
08120662947
08028279855
07088394443
08035491968
07052921910
08095862167
08035324861
08180729516
08038499255
08028385791
08083722354
08033282032
08023935940
08035104401
07089921389
08034235686
08063463460
08031133422
08135989244
08022750473
08032267150
09098914626
08028465388
08028148631
08083307654
07033961947
08033913230
07038978165
08080576522
07085424037
07025237359
08022395484
08034708523
08035388224
08058634096
08028385981
08084778628
08091531464
08153505442
08060553348