07036603645
08092192129
08022515386
08026861818
08028348971
08023673017
08035383252
08170367709
08090563702
08024707778
08062716913
08029693516
08056146997
08171913419
08024025730
08035636139
08189044625
08028104141
08028794696
08028363717
08058596747
08026615528
08035388224
07035121067
08030454208
07031004227
08033989109
08182532820
08032344126
08029737187
08058584605
08090914097
08066350498
08064446033
08064025699
08033873572
08053538543
08039418912
08067296426
08060408329
08033324745
08029737397
08022397020
08034339654
08038555441
08026820058
08037643248
08053538543
08037134258
08027592450
08023946703
07089121872
08034125298
09026690318
08064591690
08034878889
08185066356
08062098425
07087801499
08153710253
08180105000
08120662947
08028279855
07088394443
08035491968
07052921910
08095862167
08035324861
08180729516
08038499255
08028385791
08083722354
08033282032
08023935940
08035104401
07089921389
08034235686
08063463460
08031133422
08135989244
08022750473
08032267150
09098914626
08028465388
08028148631
08083307654
07033961947
08033913230
07038978165
08080576522
07085424037
07025237359
08022395484
08034708523
08035388224
08058634096
08028385981
08084778628
08091531464
08028997544
08053534233
07080501064
08053213146
08026313150
08052486658
09095036459
08032121523
08026693603
08034878591
08064591690
08058584605
08055340325
08028131340
08023996999
08029159411
08023073728
08182665523
08058596747
08026615528
07082619041
08032718277
08034287229
08035287975
08038426027
07016847983
08037431191
08033989109
08037372253
08033380548
08039288190
08069445169
08062098425
08036512747
08069202958
08022138190
08023227354
08090914097
08022384431
07089292922
08035324861
08180729516
08064025699
08035117792
08059381924
08130864987
08034546766
08132472286
08029737187
08157689863
08032955270
07036603645
07038398507
08029159411
08023073728
07039421363
08030450208
08034250829
08033481258
08025569525
08185167146
08028363717
08073648730
08037643248
08026820058
08035164401
07087801499
08026011504
08033351672
08035652770
08035978183
07032249609
08121850181
08131231989
08020877236
08022500757
08059089020
08133143339
08027896710
08096559612
07088394443
08099557997
08054825117
08171913419
07082162895
08083722354
08033282032
08037266151
08063468932
08028741948
08022455137
08053534233
08023681623
08188489191
07054579610
07029823361
08023941019
08035383252
08170367769
08121722919
08162693067
08059440684
09037331006
09082076502
08027249923
08026118151
08032718277
07082619041
08037134258
08027592450
08035117792
08034185234
08028997544
07062208456
08037372253
08090508986
08178035572
08023363184
08034091120
08032121513
08026693603
07038398507
07031004227
08035116474
08037753383
09083557846
07085888861
08090563702
08028385791
08029613112
07084886488
08026452239
08064025699
08033399073
08064477436
08033989109
08023923449
08033380548
08023972420
07050561516
08083775961
08028923000
07039421363
08182152151
08022395484
08095061924
07089292922
08034825117
08026615528
07085805568
08028385981
08033841517
08029737187
08032955270
09096124786
08033017870
08037753383
08024716816
08028518199
08097474410
08084753382
08033298042
08028385981
08056159934
08055167645
09099333081
07031533797
08023135850
08038328338
09098066757
08169595259
07080501064
08022443385
08055076144
08022500757
08020877236
08034287229
08035287995
08035978183
08178035572
08023123157
07051456717
08080367676
08023123157
07039421363
08153505442